New = {"data":[{"x":[1,2,3,4,5,6,7,8,9,10,11],"y":[1,2,3,4,5,6,7,8,9,10,11],"z":[[1,0.49537605155444,0.184751209966348,0.148010038623191,0.84617705113367,0.889732976830234,0.334351717011615,0.785738461961101,0.341496164852982,0.55470741299439,0.0937880428734205],[0.49537605155444,1,0.746735559921842,0.676052741341269,0.415958920248643,0.611317153025959,0.866042206841038,0.169588901807892,0.11319523829522,0.159585971220398,0.693523310802047],[0.184751209966348,0.746735559921842,1,0.947545505842886,0.089802918453589,0.200771501400324,0.91028741676085,0.00829777489700175,0.148001989133488,0.0304378738162795,0.88354182337983],[0.148010038623191,0.676052741341269,0.947545505842886,1,0.0843009444482101,0.167102300279575,0.888067697858253,0.0107664157113306,0.232355803827278,0.0841928071594363,0.940021141247525],[0.84617705113367,0.415958920248643,0.089802918453589,0.0843009444482101,1,0.839162391257074,0.224291573137638,0.829290021402192,0.513404182917166,0.70030855621628,0.0831086930365775],[0.889732976830234,0.611317153025959,0.200771501400324,0.167102300279575,0.839162391257074,1,0.397264687351789,0.721729106926172,0.350694112123513,0.574881447201035,0.152261372473],[0.334351717011615,0.866042206841038,0.91028741676085,0.888067697858253,0.224291573137638,0.397264687351789,1,0.0489869865142389,0.0853667374575482,0.0774031073237539,0.817283538451427],[0.785738461961101,0.169588901807892,0.00829777489700175,0.0107664157113306,0.829290021402192,0.721729106926172,0.0489869865142389,1,0.688746259951187,0.820116513162641,0],[0.341496164852982,0.11319523829522,0.148001989133488,0.232355803827278,0.513404182917166,0.350694112123513,0.0853667374575482,0.688746259951187,1,0.863216730156582,0.371022417961464],[0.55470741299439,0.159585971220398,0.0304378738162795,0.0841928071594363,0.70030855621628,0.574881447201035,0.0774031073237539,0.820116513162641,0.863216730156582,1,0.167452214673337],[0.0937880428734205,0.693523310802047,0.88354182337983,0.940021141247525,0.0831086930365775,0.152261372473,0.817283538451427,0,0.371022417961464,0.167452214673337,1]],"text":[["var1: am<br>var2: am<br>cor: 1","var1: carb<br>var2: am<br>cor: 0.06","var1: cyl<br>var2: am<br>cor: -0.52","var1: disp<br>var2: am<br>cor: -0.59","var1: drat<br>var2: am<br>cor: 0.71","var1: gear<br>var2: am<br>cor: 0.79","var1: hp<br>var2: am<br>cor: -0.24","var1: mpg<br>var2: am<br>cor: 0.6","var1: qsec<br>var2: am<br>cor: -0.23","var1: vs<br>var2: am<br>cor: 0.17","var1: wt<br>var2: am<br>cor: -0.69"],["var1: am<br>var2: carb<br>cor: 0.06","var1: carb<br>var2: carb<br>cor: 1","var1: cyl<br>var2: carb<br>cor: 0.53","var1: disp<br>var2: carb<br>cor: 0.39","var1: drat<br>var2: carb<br>cor: -0.09","var1: gear<br>var2: carb<br>cor: 0.27","var1: hp<br>var2: carb<br>cor: 0.75","var1: mpg<br>var2: carb<br>cor: -0.55","var1: qsec<br>var2: carb<br>cor: -0.66","var1: vs<br>var2: carb<br>cor: -0.57","var1: wt<br>var2: carb<br>cor: 0.43"],["var1: am<br>var2: cyl<br>cor: -0.52","var1: carb<br>var2: cyl<br>cor: 0.53","var1: cyl<br>var2: cyl<br>cor: 1","var1: disp<br>var2: cyl<br>cor: 0.9","var1: drat<br>var2: cyl<br>cor: -0.7","var1: gear<br>var2: cyl<br>cor: -0.49","var1: hp<br>var2: cyl<br>cor: 0.83","var1: mpg<br>var2: cyl<br>cor: -0.85","var1: qsec<br>var2: cyl<br>cor: -0.59","var1: vs<br>var2: cyl<br>cor: -0.81","var1: wt<br>var2: cyl<br>cor: 0.78"],["var1: am<br>var2: disp<br>cor: -0.59","var1: carb<br>var2: disp<br>cor: 0.39","var1: cyl<br>var2: disp<br>cor: 0.9","var1: disp<br>var2: disp<br>cor: 1","var1: drat<br>var2: disp<br>cor: -0.71","var1: gear<br>var2: disp<br>cor: -0.56","var1: hp<br>var2: disp<br>cor: 0.79","var1: mpg<br>var2: disp<br>cor: -0.85","var1: qsec<br>var2: disp<br>cor: -0.43","var1: vs<br>var2: disp<br>cor: -0.71","var1: wt<br>var2: disp<br>cor: 0.89"],["var1: am<br>var2: drat<br>cor: 0.71","var1: carb<br>var2: drat<br>cor: -0.09","var1: cyl<br>var2: drat<br>cor: -0.7","var1: disp<br>var2: drat<br>cor: -0.71","var1: drat<br>var2: drat<br>cor: 1","var1: gear<br>var2: drat<br>cor: 0.7","var1: hp<br>var2: drat<br>cor: -0.45","var1: mpg<br>var2: drat<br>cor: 0.68","var1: qsec<br>var2: drat<br>cor: 0.09","var1: vs<br>var2: drat<br>cor: 0.44","var1: wt<br>var2: drat<br>cor: -0.71"],["var1: am<br>var2: gear<br>cor: 0.79","var1: carb<br>var2: gear<br>cor: 0.27","var1: cyl<br>var2: gear<br>cor: -0.49","var1: disp<br>var2: gear<br>cor: -0.56","var1: drat<br>var2: gear<br>cor: 0.7","var1: gear<br>var2: gear<br>cor: 1","var1: hp<br>var2: gear<br>cor: -0.13","var1: mpg<br>var2: gear<br>cor: 0.48","var1: qsec<br>var2: gear<br>cor: -0.21","var1: vs<br>var2: gear<br>cor: 0.21","var1: wt<br>var2: gear<br>cor: -0.58"],["var1: am<br>var2: hp<br>cor: -0.24","var1: carb<br>var2: hp<br>cor: 0.75","var1: cyl<br>var2: hp<br>cor: 0.83","var1: disp<br>var2: hp<br>cor: 0.79","var1: drat<br>var2: hp<br>cor: -0.45","var1: gear<br>var2: hp<br>cor: -0.13","var1: hp<br>var2: hp<br>cor: 1","var1: mpg<br>var2: hp<br>cor: -0.78","var1: qsec<br>var2: hp<br>cor: -0.71","var1: vs<br>var2: hp<br>cor: -0.72","var1: wt<br>var2: hp<br>cor: 0.66"],["var1: am<br>var2: mpg<br>cor: 0.6","var1: carb<br>var2: mpg<br>cor: -0.55","var1: cyl<br>var2: mpg<br>cor: -0.85","var1: disp<br>var2: mpg<br>cor: -0.85","var1: drat<br>var2: mpg<br>cor: 0.68","var1: gear<br>var2: mpg<br>cor: 0.48","var1: hp<br>var2: mpg<br>cor: -0.78","var1: mpg<br>var2: mpg<br>cor: 1","var1: qsec<br>var2: mpg<br>cor: 0.42","var1: vs<br>var2: mpg<br>cor: 0.66","var1: wt<br>var2: mpg<br>cor: -0.87"],["var1: am<br>var2: qsec<br>cor: -0.23","var1: carb<br>var2: qsec<br>cor: -0.66","var1: cyl<br>var2: qsec<br>cor: -0.59","var1: disp<br>var2: qsec<br>cor: -0.43","var1: drat<br>var2: qsec<br>cor: 0.09","var1: gear<br>var2: qsec<br>cor: -0.21","var1: hp<br>var2: qsec<br>cor: -0.71","var1: mpg<br>var2: qsec<br>cor: 0.42","var1: qsec<br>var2: qsec<br>cor: 1","var1: vs<br>var2: qsec<br>cor: 0.74","var1: wt<br>var2: qsec<br>cor: -0.17"],["var1: am<br>var2: vs<br>cor: 0.17","var1: carb<br>var2: vs<br>cor: -0.57","var1: cyl<br>var2: vs<br>cor: -0.81","var1: disp<br>var2: vs<br>cor: -0.71","var1: drat<br>var2: vs<br>cor: 0.44","var1: gear<br>var2: vs<br>cor: 0.21","var1: hp<br>var2: vs<br>cor: -0.72","var1: mpg<br>var2: vs<br>cor: 0.66","var1: qsec<br>var2: vs<br>cor: 0.74","var1: vs<br>var2: vs<br>cor: 1","var1: wt<br>var2: vs<br>cor: -0.55"],["var1: am<br>var2: wt<br>cor: -0.69","var1: carb<br>var2: wt<br>cor: 0.43","var1: cyl<br>var2: wt<br>cor: 0.78","var1: disp<br>var2: wt<br>cor: 0.89","var1: drat<br>var2: wt<br>cor: -0.71","var1: gear<br>var2: wt<br>cor: -0.58","var1: hp<br>var2: wt<br>cor: 0.66","var1: mpg<br>var2: wt<br>cor: -0.87","var1: qsec<br>var2: wt<br>cor: -0.17","var1: vs<br>var2: wt<br>cor: -0.55","var1: wt<br>var2: wt<br>cor: 1"]],"colorscale":[[0,"#132B43"],[0.00829777489700175,"#132C44"],[0.0107664157113306,"#142C45"],[0.0304378738162795,"#152F48"],[0.0489869865142389,"#16314B"],[0.0774031073237539,"#18344F"],[0.0831086930365775,"#183550"],[0.0841928071594363,"#183550"],[0.0843009444482101,"#183550"],[0.0853667374575482,"#183551"],[0.089802918453589,"#183651"],[0.0937880428734205,"#193652"],[0.11319523829522,"#1A3855"],[0.148001989133488,"#1C3D5B"],[0.148010038623191,"#1C3D5B"],[0.152261372473,"#1C3D5C"],[0.159585971220398,"#1D3E5D"],[0.167102300279575,"#1D3F5E"],[0.167452214673337,"#1D3F5E"],[0.169588901807892,"#1D3F5E"],[0.184751209966348,"#1E4161"],[0.200771501400324,"#1F4364"],[0.224291573137638,"#214668"],[0.232355803827278,"#214769"],[0.334351717011615,"#28547B"],[0.341496164852982,"#28557C"],[0.350694112123513,"#29567D"],[0.371022417961464,"#2A5981"],[0.397264687351789,"#2C5C86"],[0.415958920248643,"#2D5F89"],[0.49537605155444,"#326A97"],[0.513404182917166,"#346C9A"],[0.55470741299439,"#3672A2"],[0.574881447201035,"#3874A6"],[0.611317153025959,"#3A79AC"],[0.676052741341269,"#3F82B8"],[0.688746259951187,"#4084BB"],[0.693523310802047,"#4085BC"],[0.70030855621628,"#4186BD"],[0.721729106926172,"#4289C1"],[0.746735559921842,"#448CC6"],[0.785738461961101,"#4792CD"],[0.817283538451427,"#4996D3"],[0.820116513162641,"#4997D4"],[0.829290021402192,"#4A98D6"],[0.839162391257074,"#4A9AD8"],[0.84617705113367,"#4B9BD9"],[0.863216730156582,"#4C9DDC"],[0.866042206841038,"#4C9DDD"],[0.88354182337983,"#4EA0E0"],[0.888067697858253,"#4EA1E1"],[0.889732976830234,"#4EA1E1"],[0.91028741676085,"#4FA4E5"],[0.940021141247525,"#52A8EB"],[0.947545505842886,"#52A9ED"],[1,"#56B1F7"]],"type":"heatmap","showscale":false,"autocolorscale":false,"showlegend":false,"xaxis":"x","yaxis":"y","hoverinfo":"text","name":"","frame":null},{"x":[0.4,11.6],"y":[0.4,11.6],"name":"99_a6880cdea0332adc05da35faee652549","type":"scatter","mode":"markers","opacity":0,"hoverinfo":"none","showlegend":false,"marker":{"color":[0,1],"colorscale":[[0,"#152F49"],[0.0555555555555555,"#183651"],[0.111111111111111,"#1C3C5A"],[0.166666666666667,"#1F4363"],[0.222222222222222,"#22496C"],[0.277777777777778,"#265075"],[0.333333333333333,"#29577F"],[0.388888888888889,"#2D5E88"],[0.444444444444444,"#306592"],[0.5,"#346D9B"],[0.555555555555555,"#3874A5"],[0.611111111111111,"#3B7BAF"],[0.666666666666667,"#3F83B9"],[0.722222222222222,"#438AC3"],[0.777777777777778,"#4792CD"],[0.833333333333333,"#4A9AD8"],[0.888888888888889,"#4EA1E2"],[0.944444444444444,"#52A9EC"],[1,"#56B1F7"]],"colorbar":{"bgcolor":"rgba(255,255,255,1)","bordercolor":"transparent","borderwidth":1.88976377952756,"thickness":23.04,"title":"cor","titlefont":{"color":"rgba(0,0,0,1)","family":"","size":14.6118721461187},"tickmode":"array","ticktext":["-0.5","0.0","0.5","1.0"],"tickvals":[0.166666666666667,0.444444444444444,0.722222222222222,1],"tickfont":{"color":"rgba(0,0,0,1)","family":"","size":11.689497716895},"ticklen":2,"len":0.5}},"xaxis":"x","yaxis":"y","frame":null}],"layout":{"margin":{"t":25.7412480974125,"r":7.30593607305936,"b":39.6955859969559,"l":48.9497716894977},"plot_bgcolor":"rgba(235,235,235,1)","paper_bgcolor":"rgba(255,255,255,1)","font":{"color":"rgba(0,0,0,1)","family":"","size":14.6118721461187},"xaxis":{"domain":[0,1],"type":"linear","autorange":false,"tickmode":"array","range":[0.4,11.6],"ticktext":["am","carb","cyl","disp","drat","gear","hp","mpg","qsec","vs","wt"],"tickvals":[1,2,3,4,5,6,7,8,9,10,11],"ticks":"outside","tickcolor":"rgba(51,51,51,1)","ticklen":3.65296803652968,"tickwidth":0.66417600664176,"showticklabels":true,"tickfont":{"color":"rgba(77,77,77,1)","family":"","size":11.689497716895},"tickangle":-0,"showline":false,"linecolor":null,"linewidth":0,"showgrid":true,"gridcolor":"rgba(255,255,255,1)","gridwidth":0.66417600664176,"zeroline":false,"anchor":"y","title":"var1","titlefont":{"color":"rgba(0,0,0,1)","family":"","size":14.6118721461187},"hoverformat":".2f"},"yaxis":{"domain":[0,1],"type":"linear","autorange":false,"tickmode":"array","range":[0.4,11.6],"ticktext":["am","carb","cyl","disp","drat","gear","hp","mpg","qsec","vs","wt"],"tickvals":[1,2,3,4,5,6,7,8,9,10,11],"ticks":"outside","tickcolor":"rgba(51,51,51,1)","ticklen":3.65296803652968,"tickwidth":0.66417600664176,"showticklabels":true,"tickfont":{"color":"rgba(77,77,77,1)","family":"","size":11.689497716895},"tickangle":-0,"showline":false,"linecolor":null,"linewidth":0,"showgrid":true,"gridcolor":"rgba(255,255,255,1)","gridwidth":0.66417600664176,"zeroline":false,"anchor":"x","title":"var2","titlefont":{"color":"rgba(0,0,0,1)","family":"","size":14.6118721461187},"hoverformat":".2f"},"shapes":[{"type":"rect","fillcolor":null,"line":{"color":null,"width":0,"linetype":[]},"yref":"paper","xref":"paper","x0":0,"x1":1,"y0":0,"y1":1}],"showlegend":false,"legend":{"bgcolor":"rgba(255,255,255,1)","bordercolor":"transparent","borderwidth":1.88976377952756,"font":{"color":"rgba(0,0,0,1)","family":"","size":11.689497716895}},"hovermode":"closest","dragmode":"zoom"}}
